
Algoritmo Edgar et al--------------------------------------------------------

Los parametros cambiaron de 5 en 5
filas->kernel cerradura
columnas->ventanas sumas

filas de 0-50 
columnas de 0-50 

49.3765,51.6159,55.5749,58.328,59.8457,60.8249,61.4292,62.0349,62.5012,62.9299,    
76.0275,86.4565,89.07,89.442,90.0676,90.5365,90.8183,90.8053,90.8239,90.8016,    
78.4986,87.1522,89.4516,89.8548,90.2791,90.586,90.7651,90.8227,90.8721,90.8653,    
79.1216,87.3425,89.8126,89.9425,90.3382,90.5558,90.7328,90.864,90.9035,90.8187,    
80.0253,87.8473,89.8613,90.0851,90.4119,90.7321,90.9856,91.0037,91.0384,91.09,    
80.4413,88.1406,90.337,90.9657,90.5158,90.7382,91.0406,91.0925,91.1661,91.1616,    
81.0417,88.6474,90.487,91.0016,90.7663,90.972,91.2286,91.2642,91.3229,91.3495,    
81.685,88.9343,90.8744,91.3474,91.9879,91.305,92.6639,92.713,92.7357,92.6829,    
81.9845,89.331,91.1545,91.4039,92.0297,92.5169,92.7957,92.8247,92.8123,92.8372,    
82.4134,89.6155,91.241,91.6654,92.261,92.6161,92.9383,92.9674,93.0193,93.0337,    

Los parametros cambion de 5 en 5
filas de 50-100  
columnas de 0-50    

82.8438,89.8565,91.6697,92.0157,92.6166,92.9749,93.251,93.2399,93.2574,93.3762,    
83.0778,90.0332,91.9191,92.2424,92.7546,93.0826,93.3237,93.2956,93.3303,93.4981,    
83.4489,90.0125,92.0114,92.2175,92.7568,93.1203,93.3945,93.3943,93.4266,93.5965,    
83.4808,89.986,91.8626,92.0609,92.6377,93.0969,93.2474,93.1962,93.2769,93.5699,    
83.5088,89.977,91.6488,91.6399,92.1678,92.6486,92.8787,92.9201,92.9512,93.0083,    
83.5021,89.5804,91.1887,91.355,91.8992,92.3527,92.6073,92.6311,92.6205,92.7942,    
83.639,88.941,90.4118,90.4523,90.9773,91.4825,91.7742,91.8175,91.8235,91.8074,    
83.3483,88.2394,89.6482,89.9595,90.5666,91.058,91.3308,91.3781,91.3792,91.3742,    
83.0776,87.7673,88.9962,89.618,90.1274,90.6018,90.8677,90.9176,90.8972,90.8903,    
82.8346,87.5646,89.0429,89.6232,90.097,90.5633,90.8176,90.8619,90.8045,90.8613, 


El parametro cambio de 5 en 5
filas de  0-50   
columnas de 50-100 

62.8338,63.1272,63.4116,63.7062,63.9933,64.1498,64.3658,64.4404,64.6248,64.625,    
90.6481,90.5097,90.3523,90.2639,90.0654,89.8702,89.5897,89.5196,89.4495,89.4088,    
90.7343,90.5709,90.3992,90.2825,90.1444,89.9715,89.7615,89.5422,89.5035,88.4496,    
90.7357,90.5917,90.4676,90.3632,90.2046,90.0166,89.8718,89.7051,89.6624,88.5953,    
90.9641,90.9392,90.7655,90.6538,90.534,90.6311,90.4661,90.215,90.095,89.14,    
91.0869,91.0876,90.8935,90.819,91.069,90.8542,90.6283,90.3936,90.2874,90.2054,    
91.3737,91.3084,91.2415,91.7359,91.4762,91.2197,90.9362,90.7516,90.6626,90.515,    
92.6947,92.5034,92.3447,92.1334,91.8966,91.583,91.3633,91.1348,91.0193,90.9803,    
92.8661,92.8245,92.6384,92.4841,92.2604,91.9917,91.7632,91.6047,91.4404,91.3681,    
92.9889,93.017,93.0012,92.779,92.5392,92.3935,92.1986,92.0714,91.9669,91.8338, 

El parametro cambio de 5 en 5
filas de 50-100  
columnas de 50-100 

93.4777,93.5031,93.4662,93.3439,93.1642,92.9238,92.6901,92.5941,92.4026,92.3435,    
93.571,93.5335,93.489,93.3535,93.1806,92.9411,92.8054,92.5769,92.5076,92.4079,    
93.6411,93.6158,93.5697,93.4148,93.2661,93.0545,92.7994,92.6572,92.5704,92.5063,    
93.6732,93.6612,93.6503,93.5253,93.3042,93.0409,92.8591,92.7339,92.6081,92.5016,    
93.4067,93.3781,93.4179,93.2956,93.0425,92.818,92.5061,92.4187,92.33,92.2519,    
93.2216,93.2022,93.2631,93.0714,92.8162,92.5514,92.3396,92.2127,92.0988,92.0199,    
91.8213,91.8222,92.5116,92.3461,92.141,91.9161,91.6034,91.5893,91.6969,91.6998,    
91.3532,91.3202,91.1789,90.9879,90.7782,90.7006,90.3502,90.245,90.1432,90.1163,    
90.9116,90.84,90.7945,90.6632,90.5276,90.3561,90.3058,89.9617,89.906,89.827,    
90.8125,90.7514,90.672,90.5693,90.4126,90.3278,90.2961,90.1653,89.8951,89.8674,   



ALGORITMO BI-VA--------------------------------------------------------------------------


w=0  

filas->tao de 0-50 de 5 en 5
columnas->tolerancia de 0-50 de 5 en 5

87.7846   87.7846   87.7846   87.7846   87.7846   87.7846   87.7846   87.7846   87.7846   87.7846   87.7846   
87.7846   87.7846   87.7846   87.7846   87.7846   87.7846   87.7846   87.7846   87.7846   87.7846   87.7846   
87.7846   87.7846   87.7846   87.7846   87.7846   87.7846   87.7846   87.7846   87.7846   87.7846   87.7846   
87.7846   87.7846   87.7846   87.7846   87.7846   87.7846   87.7846   87.7846   87.7846   87.7846   87.7846   
87.7846   87.7846   87.7846   87.7846   87.7846   87.7846   87.7846   87.7846   87.7846   87.7846   87.7846   
87.7846   87.7846   87.7846   87.7846   87.7846   87.7846   87.7846   87.7846   87.7846   87.7846   87.7846   
87.7846   87.7846   87.7846   87.7846   87.7846   87.7846   87.7846   87.7846   87.7846   87.7846   87.7846   
87.7846   87.7846   87.7846   87.7846   87.7846   87.7846   87.7846   87.7846   87.7846   87.7846   87.7846   
87.7846   87.7846   87.7846   87.7846   87.7846   87.7846   87.7846   87.7846   87.7846   87.7846   87.7846   
87.7846   87.7846   87.7846   87.7846   87.7846   87.7846   87.7846   87.7846   87.7846   87.7846   -8.36912e+298   
87.7846   87.7846   87.7846   87.7846   87.7846   87.7846   -8.36912e+298   1.72923e-322   -nan   -nan   -1.27733e+294 

w=5
filas->tao de 0-50 de 5 en 5
columnas->tolerancia de 0-50 de 5 en 5

77.0103   78.3932   79.1047   79.286   95.7825   97.3121   97.557   97.6123   96.5756   98.0892   
95.7825   97.3121   97.557   97.6123   96.5756   98.0892   98.2869   98.3314   96.6212   98.1064   
96.5756   98.0892   98.2869   98.3314   96.6212   98.1064   98.2989   98.3431   96.4688   97.9085   
96.6212   98.1064   98.2989   98.3431   96.4688   97.9085   98.1028   98.1477   96.2112   97.6029   
96.4688   97.9085   98.1028   98.1477   96.2112   97.6029   97.793   97.8396   95.8932   97.2284   
96.2112   97.6029   97.793   97.8396   95.8932   97.2284   97.4144   97.4618   95.543   96.8244   
95.8932   97.2284   97.4144   97.4618   95.543   96.8244   96.9974   97.0432   95.1715   96.3963   
95.543   96.8244   96.9974   97.0432   95.1715   96.3963   96.5637   96.6058   94.8255   95.9966   
95.1715   96.3963   96.5637   96.6058   94.8255   95.9966   96.163   96.2041   96.2162   96.2194   
94.8255   95.9966   96.163   96.2041   96.2162   96.2194   96.221   96.2213   96.2213   96.2213  

w=10
filas->tao de 0-50 de 5 en 5
columnas->tolerancia de  0-50 de 5 en 5

82.4851   83.001   83.5747   83.8615   96.6392   97.2693   97.3836   97.4088   97.4829   98.1183   
96.6392   97.2693   97.3836   97.4088   97.4829   98.1183   98.2063   98.2246   97.6352   98.2633   
97.4829   98.1183   98.2063   98.2246   97.6352   98.2633   98.3501   98.3719   97.5255   98.1335   
97.6352   98.2633   98.3501   98.3719   97.5255   98.1335   98.2196   98.2419   97.2774   97.8606   
97.5255   98.1335   98.2196   98.2419   97.2774   97.8606   97.9468   97.9698   96.9502   97.5079   
97.2774   97.8606   97.9468   97.9698   96.9502   97.5079   97.5889   97.6143   96.5812   97.1187   
96.9502   97.5079   97.5889   97.6143   96.5812   97.1187   97.1931   97.2143   96.1897   96.7085   
96.5812   97.1187   97.1931   97.2143   96.1897   96.7085   96.7776   96.797   95.7899   96.2835   
96.1897   96.7085   96.7776   96.797   95.7899   96.2835   96.3551   96.3727   96.3785   96.3833   
95.7899   96.2835   96.3551   96.3727   96.3785   96.3833   96.3868   96.3893   96.3906   96.3922 

w=15
filas->tao de 0-50 de 5 en 5
columnas->tolerancia  de 0-50 de 5 en 5

83.5249   83.837   84.2982   84.5564   95.7748   96.2094   96.27   96.2659   97.2612   97.7207   
95.7748   96.2094   96.27   96.2659   97.2612   97.7207   97.7755   97.7836   97.6965   98.1561   
97.2612   97.7207   97.7755   97.7836   97.6965   98.1561   98.2115   98.2265   97.7379   98.1814   
97.6965   98.1561   98.2115   98.2265   97.7379   98.1814   98.2357   98.2515   97.5618   97.9911   
97.7379   98.1814   98.2357   98.2515   97.5618   97.9911   98.0431   98.0564   97.2737   97.6854   
97.5618   97.9911   98.0431   98.0564   97.2737   97.6854   97.739   97.751   96.9188   97.3156   
97.2737   97.6854   97.739   97.751   96.9188   97.3156   97.3648   97.3789   96.5268   96.9116   
96.9188   97.3156   97.3648   97.3789   96.5268   96.9116   96.9593   96.9707   96.1042   96.4727   
96.5268   96.9116   96.9593   96.9707   96.1042   96.4727   96.5247   96.5339   96.5371   96.5381   
96.1042   96.4727   96.5247   96.5339   96.5371   96.5381   96.5431   96.5502   96.5549   96.5579   

w=20
filas->tao de 0-50 de 5 en 5
columnas->tolerancia de 0-50 de 5 en 5

84.0345   84.3987   84.8599   85.1179   94.6159   95.0587   95.1038   95.0802   96.5951   97.0587   
94.6159   95.0587   95.1038   95.0802   96.5951   97.0587   97.1068   97.1056   97.3566   97.8236   
96.5951   97.0587   97.1068   97.1056   97.3566   97.8236   97.8716   97.8829   97.5829   98.0419   
97.3566   97.8236   97.8716   97.8829   97.5829   98.0419   98.0924   98.1012   97.4912   97.938   
97.5829   98.0419   98.0924   98.1012   97.4912   97.938   97.9892   97.9937   97.2706   97.7084   
97.4912   97.938   97.9892   97.9937   97.2706   97.7084   97.7556   97.7627   96.9524   97.3756   
97.2706   97.7084   97.7556   97.7627   96.9524   97.3756   97.4216   97.429   96.5754   96.9864   
96.9524   97.3756   97.4216   97.429   96.5754   96.9864   97.0343   97.0422   96.1607   96.5552   
96.5754   96.9864   97.0343   97.0422   96.1607   96.5552   96.6101   96.6191   96.6199   96.6178   
96.1607   96.5552   96.6101   96.6191   96.6199   96.6178   96.6205   96.6235   96.63   96.6344   

w=25
filas->tao de 0-50 de 5 en 5
columnas->tolerancia de 0-50 de 5 en 5

84.1324   84.9041   85.6012   85.9343   93.4686   94.206   94.2851   94.2603   95.6921   96.4539   
93.4686   94.206   94.2851   94.2603   95.6921   96.4539   96.5232   96.5188   96.6658   97.4289   
95.6921   96.4539   96.5232   96.5188   96.6658   97.4289   97.5008   97.5124   97.0233   97.7675   
96.6658   97.4289   97.5008   97.5124   97.0233   97.7675   97.8405   97.8496   97.0274   97.7512   
97.0233   97.7675   97.8405   97.8496   97.0274   97.7512   97.8308   97.8309   96.8531   97.557   
97.0274   97.7512   97.8308   97.8309   96.8531   97.557   97.6319   97.6409   96.5858   97.2663   
96.8531   97.557   97.6319   97.6409   96.5858   97.2663   97.3418   97.3495   96.2464   96.905   
96.5858   97.2663   97.3418   97.3495   96.2464   96.905   96.9834   96.9944   95.8559   96.4857   
96.2464   96.905   96.9834   96.9944   95.8559   96.4857   96.5709   96.5868   96.5893   96.5829   
95.8559   96.4857   96.5709   96.5868   96.5893   96.5829   96.58   96.5836   96.5882   96.59 
 
w=30
filas->tao de 0-50 de 5 en 5
columnas->tolerancia de 0-50 de 5 en 5

85.8601   86.1527   86.6212   86.9052   93.3502   93.6916   93.7208   93.6855   95.5724   95.9302   
93.3502   93.6916   93.7208   93.6855   95.5724   95.9302   95.9547   95.9365   96.7479   97.1139   
95.5724   95.9302   95.9547   95.9365   96.7479   97.1139   97.1389   97.1377   97.1941   97.5552   
96.7479   97.1139   97.1389   97.1377   97.1941   97.5552   97.5785   97.5762   97.2441   97.5993   
97.1941   97.5552   97.5785   97.5762   97.2441   97.5993   97.6272   97.6181   97.1136   97.4625   
97.2441   97.5993   97.6272   97.6181   97.1136   97.4625   97.493   97.4839   96.8605   97.1993   
97.1136   97.4625   97.493   97.4839   96.8605   97.1993   97.2298   97.2285   96.5493   96.8757   
96.8605   97.1993   97.2298   97.2285   96.5493   96.8757   96.9112   96.9105   96.1672   96.4844   
96.5493   96.8757   96.9112   96.9105   96.1672   96.4844   96.5224   96.5241   96.5225   96.5172   
96.1672   96.4844   96.5224   96.5241   96.5225   96.5172   96.5099   96.5138   96.504   96.5027  
 
w=35
filas->tao de 0-50 de 5 en 5
columnas->tolerancia de 0-50 de 5 en 5

85.9709   86.2354   86.7079   87.003   92.8904   93.2228   93.2468   93.2091   95.0759   95.419   
92.8904   93.2228   93.2468   93.2091   95.0759   95.419   95.4378   95.4142   96.3051   96.6563   
95.0759   95.419   95.4378   95.4142   96.3051   96.6563   96.6745   96.6671   96.8766   97.2243   
96.3051   96.6563   96.6745   96.6671   96.8766   97.2243   97.2508   97.2372   97.0251   97.3685   
96.8766   97.2243   97.2508   97.2372   97.0251   97.3685   97.3929   97.3861   96.9492   97.2855   
97.0251   97.3685   97.3929   97.3861   96.9492   97.2855   97.3126   97.3084   96.746   97.0729   
96.9492   97.2855   97.3126   97.3084   96.746   97.0729   97.0981   97.0988   96.4649   96.7817   
96.746   97.0729   97.0981   97.0988   96.4649   96.7817   96.8158   96.8117   96.1184   96.4259   
96.4649   96.7817   96.8158   96.8117   96.1184   96.4259   96.4649   96.4633   96.4549   96.4393   
96.1184   96.4259   96.4649   96.4633   96.4549   96.4393   96.4364   96.4311   96.4274   96.423

w=40
filas->tao de 0-50 de 5 en 5
columnas->tolerancia de 0-50 de 5 en 5

85.3587   85.6151   86.0448   86.3321   92.3252   92.644   92.6535   92.6071   94.5934   94.9319   
92.3252   92.644   92.6535   92.6071   94.5934   94.9319   94.9411   94.9181   95.875   96.2235   
94.5934   94.9319   94.9411   94.9181   95.875   96.2235   96.2341   96.2231   96.5532   96.8961   
95.875   96.2235   96.2341   96.2231   96.5532   96.8961   96.9164   96.9067   96.7744   97.1129   
96.5532   96.8961   96.9164   96.9067   96.7744   97.1129   97.1329   97.13   96.784   97.1066   
96.7744   97.1129   97.1329   97.13   96.784   97.1066   97.1287   97.1299   96.6411   96.9582   
96.784   97.1066   97.1287   97.1299   96.6411   96.9582   96.9697   96.9732   96.386   96.6949   
96.6411   96.9582   96.9697   96.9732   96.386   96.6949   96.7181   96.7142   96.0764   96.371   
96.386   96.6949   96.7181   96.7142   96.0764   96.371   96.4011   96.4015   96.3976   96.3855   
96.0764   96.371   96.4011   96.4015   96.3976   96.3855   96.3807   96.3734   96.3651   96.3564 

w=45
filas->tao de 0-50 de 5 en 5
columnas->tolerancia de 0-50 de 5 en 5

84.3719   84.6253   85.044   85.3169   91.5664   91.885   91.8884   91.8328   94.027   94.3757   
91.5664   91.885   91.8884   91.8328   94.027   94.3757   94.3775   94.3475   95.4224   95.7874   
94.027   94.3757   94.3775   94.3475   95.4224   95.7874   95.8024   95.782   96.1743   96.5422   
95.4224   95.7874   95.8024   95.782   96.1743   96.5422   96.5675   96.557   96.4981   96.8593   
96.1743   96.5422   96.5675   96.557   96.4981   96.8593   96.887   96.8838   96.5717   96.9173   
96.4981   96.8593   96.887   96.8838   96.5717   96.9173   96.9468   96.9473   96.5024   96.8411   
96.5717   96.9173   96.9468   96.9473   96.5024   96.8411   96.8658   96.8612   96.2936   96.6244   
96.5024   96.8411   96.8658   96.8612   96.2936   96.6244   96.6559   96.6485   96.0207   96.3341   
96.2936   96.6244   96.6559   96.6485   96.0207   96.3341   96.3704   96.3729   96.3628   96.3457   
96.0207   96.3341   96.3704   96.3729   96.3628   96.3457   96.3371   96.3311   96.3222   96.3118 
  
w=50
filas->tao de 0-50 de 5 en 5
columnas->tolerancia de 0-50 de 5 en 5

83.3453   83.5859   83.9976   84.2492   90.7057   91.0144   91.0101   90.9451   93.3504   93.6862   
90.7057   91.0144   91.0101   90.9451   93.3504   93.6862   93.6759   93.6359   94.9382   95.2976   
93.3504   93.6862   93.6759   93.6359   94.9382   95.2976   95.3064   95.2794   95.7991   96.1628   
94.9382   95.2976   95.3064   95.2794   95.7991   96.1628   96.1828   96.1706   96.2155   96.5723   
95.7991   96.1628   96.1828   96.1706   96.2155   96.5723   96.599   96.5924   96.368   96.7154   
96.2155   96.5723   96.599   96.5924   96.368   96.7154   96.7351   96.7364   96.361   96.6993   
96.368   96.7154   96.7351   96.7364   96.361   96.6993   96.7213   96.7123   96.2128   96.5415   
96.361   96.6993   96.7213   96.7123   96.2128   96.5415   96.5703   96.5646   95.9795   96.2911   
96.2128   96.5415   96.5703   96.5646   95.9795   96.2911   96.324   96.3316   96.3194   96.2909   
95.9795   96.2911   96.324   96.3316   96.3194   96.2909   96.2835   96.2757   96.2675   96.2563 

w=55
filas->tao de 0-50 de 5 en 5
columnas->tolerancia de 0-50 de 5 en 5

82.2823   82.4671   82.8754   83.1338   89.8571   90.1402   90.132   90.0577   92.6391   92.9538   
89.8571   90.1402   90.132   90.0577   92.6391   92.9538   92.9345   92.884   94.3807   94.7211   
92.6391   92.9538   92.9345   92.884   94.3807   94.7211   94.7261   94.6945   95.3908   95.7368   
94.3807   94.7211   94.7261   94.6945   95.3908   95.7368   95.7544   95.7407   95.8995   96.2437   
95.3908   95.7368   95.7544   95.7407   95.8995   96.2437   96.2664   96.2609   96.1266   96.465   
95.8995   96.2437   96.2664   96.2609   96.1266   96.465   96.481   96.4799   96.186   96.5143   
96.1266   96.465   96.481   96.4799   96.186   96.5143   96.5333   96.524   96.1038   96.4217   
96.186   96.5143   96.5333   96.524   96.1038   96.4217   96.4505   96.4513   95.9067   96.2116   
96.1038   96.4217   96.4505   96.4513   95.9067   96.2116   96.2445   96.2484   96.2354   96.2069   
95.9067   96.2116   96.2445   96.2484   96.2354   96.2069   96.194   96.1859   96.1778   96.1658 

w=60
filas->tao de 0-50 de 5 en 5
columnas->tolerancia de 0-50 de 5 en 5

81.0471   81.1995   81.5817   81.8321   89.0608   89.331   89.3016   89.2139   91.9605   92.2501   
89.0608   89.331   89.3016   89.2139   91.9605   92.2501   92.22   92.1598   93.7887   94.1132   
91.9605   92.2501   92.22   92.1598   93.7887   94.1132   94.1087   94.0668   94.9303   95.2564   
93.7887   94.1132   94.1087   94.0668   94.9303   95.2564   95.2697   95.2501   95.5523   95.881   
94.9303   95.2564   95.2697   95.2501   95.5523   95.881   95.8998   95.8901   95.8663   96.1929   
95.5523   95.881   95.8998   95.8901   95.8663   96.1929   96.2138   96.2014   95.9853   96.3041   
95.8663   96.1929   96.2138   96.2014   95.9853   96.3041   96.3247   96.3156   95.9522   96.2598   
95.9853   96.3041   96.3247   96.3156   95.9522   96.2598   96.2888   96.2848   95.816   96.1105   
95.9522   96.2598   96.2888   96.2848   95.816   96.1105   96.1496   96.1437   96.1379   96.1026   
95.816   96.1105   96.1496   96.1437   96.1379   96.1026   96.0899   96.081   96.0723   96.0613   

w=65
filas->tao de 0-50 de 5 en 5
columnas->tolerancia de 0-50 de 5 en 5

79.7847   79.9392   80.3223   80.5549   88.1584   88.4154   88.3718   88.278   91.3308   91.5997   
88.1584   88.4154   88.3718   88.278   91.3308   91.5997   91.5623   91.4977   93.2669   93.5765   
91.3308   91.5997   91.5623   91.4977   93.2669   93.5765   93.5569   93.5037   94.4524   94.7675   
93.2669   93.5765   93.5569   93.5037   94.4524   94.7675   94.7723   94.7463   95.1743   95.4935   
94.4524   94.7675   94.7723   94.7463   95.1743   95.4935   95.509   95.4954   95.575   95.8939   
95.1743   95.4935   95.509   95.4954   95.575   95.8939   95.9158   95.8989   95.7679   96.0752   
95.575   95.8939   95.9158   95.8989   95.7679   96.0752   96.0979   96.0905   95.7878   96.0903   
95.7679   96.0752   96.0979   96.0905   95.7878   96.0903   96.1179   96.1144   95.6959   95.9938   
95.7878   96.0903   96.1179   96.1144   95.6959   95.9938   96.0273   96.0302   96.0261   95.987   
95.6959   95.9938   96.0273   96.0302   96.0261   95.987   95.9736   95.9635   95.9525   95.9418 